Date,Berri 1,Brébeuf (données non disponibles),Côte-Sainte-Catherine,Maisonneuve 1,Maisonneuve 2,du Parc,Pierre-Dupuy,Rachel1,St-Urbain (données non disponibles)
2012-09-02,342,,0,227,471,231,11,0,
2012-09-10,4787,,2210,3026,5138,3418,927,4078,
2012-01-10,3255,,1576,2184,3830,2582,397,2987,
2012-09-30,876,,359,513,957,520,133,1162,
2012-06-14,6908,,2978,4809,7934,4223,2386,6243,
2012-08-19,4644,,1408,2605,3780,1758,1683,4478,
2012-01-17,155,,0,86,256,74,0,0,
2012-10-25,3735,,1815,2528,5010,3017,631,3767,
2012-02-29,242,,0,164,446,190,7,4,
2012-06-04,1633,,650,1045,1913,975,621,2138,
2012-02-23,397,,10,293,528,329,22,13,
2012-04-25,2966,,1023,2228,3444,1800,445,2454,
2012-12-02,78,,0,36,91,53,5,0,
2012-07-18,6180,,2589,3750,7311,3654,2813,5884,
2012-01-23,210,,6,114,357,91,6,0,
2012-05-09,5655,,2722,3861,7110,4061,1383,4491,
2012-02-04,1937,,967,1537,2853,1614,394,2122,
2012-09-24,4553,,2246,3117,5738,3705,1100,4683,
2012-08-28,5817,,2794,3966,6313,3420,1629,4720,
2012-07-20,5813,,2088,3744,6959,3316,2538,5775,
2012-08-23,5437,,2482,3807,6773,3573,1864,5010,
2012-08-25,4242,,1305,2358,4126,1726,2558,4833,
2012-04-11,966,,446,710,1277,692,197,1374,
2012-10-14,587,,287,443,852,503,65,952,
2012-12-09,6349,,3124,4209,7292,4510,1981,5697,
2012-08-21,5792,,2508,4063,6687,3369,2353,5640,
2012-08-26,3964,,1318,2118,3558,1750,2932,4536,
2012-09-01,244,,2,165,432,198,12,173,
2012-01-24,299,,1,189,444,174,4,0,
2012-02-01,83,,1,68,153,53,6,43,
2012-08-03,348,,6,238,530,270,9,9,
2012-10-18,4671,,2292,3129,5542,3477,1108,4245,
2012-04-29,1970,,765,1212,2077,1062,702,2493,
2012-06-26,3327,,1435,2139,4318,2193,620,3223,
2012-05-01,197,,2,124,330,97,13,95,
2012-04-27,1986,,743,1526,2586,1298,139,1899,
2012-03-29,878,,406,646,1264,807,78,937,
2012-06-25,2245,,1077,1374,3031,1440,1349,3283,
2012-08-10,1854,,880,987,1818,1040,1115,2502,
2012-01-25,334,,1,217,453,180,4,0,
2012-04-04,2211,,933,1674,2956,1666,274,2242,
2012-05-16,4947,,2178,3681,5882,3057,1332,4348,
2012-01-27,91,,5,79,204,65,0,0,
2012-06-07,5958,,2095,4137,6942,3387,2248,5610,
2012-08-20,5335,,2474,3521,6088,3332,1439,5201,
2012-07-22,4971,,1238,2683,4104,1788,2960,4787,
2012-05-25,5697,,2205,4096,6734,3341,1953,5174,
2012-01-13,75,,0,41,105,64,2,0,
2012-03-03,82,,0,65,133,47,2,0,
2012-02-19,169,,3,110,205,113,13,2,
2012-01-31,186,,1,109,324,122,0,0,
2012-01-05,1986,,815,1722,2766,1516,195,1960,
2012-09-21,4022,,1821,2911,4745,2945,889,3886,
2012-08-07,4756,,1497,2407,4495,2089,4386,5535,
2012-02-03,143,,0,56,283,77,7,1,
2012-05-22,2315,,938,1847,2599,1610,251,2069,
2012-06-18,5921,,2703,3582,6824,3960,2455,5496,
2012-03-19,1821,,1024,1278,2581,1609,506,2058,
2012-10-19,1313,,597,885,1668,1209,111,1486,
2012-05-27,4396,,1525,2578,4587,2073,2886,5168,
2012-08-31,4106,,1868,2999,5054,2541,875,4188,
2012-06-01,146,,0,98,244,86,4,75,
2012-01-18,139,,0,66,188,68,3,0,
2012-06-06,6037,,2724,4273,7822,3987,1223,5269,
2012-08-13,4931,,2298,3124,5936,3151,2090,4842,
2012-04-14,2890,,1072,1639,2994,1594,1284,3428,
2012-07-07,5420,,1289,3802,4978,2132,3156,4939,
2012-01-03,92,,0,56,199,63,0,14,
2012-05-03,155,,1,114,363,157,8,2,
2012-04-30,3610,,1572,2825,4675,2446,851,3541,
2012-04-07,5153,,2038,3591,5814,3070,1246,4493,
2012-03-24,753,,336,517,1001,635,277,1035,
2012-06-28,6064,,2381,4411,6864,3523,2415,5175,
2012-05-31,5104,,2177,3985,6631,3205,1389,4410,
2012-12-03,802,,179,618,1265,747,0,548,
2012-05-15,3964,,1773,3144,5088,2650,975,3765,
2012-07-31,5415,,2185,3145,6705,3222,2505,4468,
2012-10-03,182,,13,162,296,165,0,58,
2012-09-04,828,,298,560,1048,605,65,1001,
2012-08-08,5498,,2313,3365,6862,3403,2226,4771,
2012-04-22,1853,,487,1224,1331,654,198,1779,
2012-04-24,1810,,720,1355,2379,1286,188,1753,
2012-06-20,5713,,2402,3524,6848,3510,2363,4852,
2012-01-26,306,,0,215,495,191,0,1,
2012-09-06,5164,,1672,3418,5557,2451,1551,6026,
2012-03-20,2481,,1261,1709,3130,1955,762,2609,
2012-06-13,6180,,2792,4374,7297,3825,1968,5887,
2012-06-19,5382,,2360,3447,6679,3438,1711,5015,
2012-09-22,1521,,656,1073,1682,971,365,1974,
2012-04-15,2554,,1210,1637,2954,1559,1846,3604,
2012-02-17,332,,3,237,496,260,11,1,
2012-10-02,303,,1,206,478,216,6,2,
2012-09-26,3948,,1873,2720,4755,3119,650,3721,
2012-07-16,4827,,2092,3141,6049,2965,1703,4379,
2012-05-04,2424,,1036,1823,3273,1699,355,2463,
2012-09-29,1896,,755,1206,1963,1062,442,2267,
2012-06-09,5883,,2883,3967,7511,4014,1498,4732,
2012-01-16,168,,2,136,312,137,1,0,
2012-05-18,5980,,2241,4415,6646,3196,1711,5273,
2012-11-04,2328,,1049,1765,3122,1843,330,2311,
